Time 0
Waiting clients: (23,3,3) (47,3,4) (15,4,5) (29,4,1) (30,4,2) (26,6,6) (28,6,5) (32,6,1) (39,6,1) (4,7,5) (7,7,1) (13,8,1) (27,9,7) (25,10,3) (9,11,5) (16,11,3) (37,12,1) (49,12,6) (46,13,6) (41,14,7) (1,15,4) (31,15,5) (12,16,1) (50,17,5) (17,19,5) (3,20,4) (33,20,5) (38,20,6) (22,21,2) (24,21,4) (21,22,6) (5,24,3) (36,24,6) (35,25,6) (48,25,1) (43,27,6) (42,28,5) (8,29,5) (18,30,4) (19,33,1) (6,35,6) (14,35,3) (10,36,7) (20,36,7) (40,36,5) (2,37,4) (44,37,5) (11,38,6) (34,39,2) (45,40,1) 
Queue 1: closed
Queue 2: closed
Queue 3: closed
Queue 4: closed
Queue 5: closed
Time 1
Waiting clients: (23,3,3) (47,3,4) (15,4,5) (29,4,1) (30,4,2) (26,6,6) (28,6,5) (32,6,1) (39,6,1) (4,7,5) (7,7,1) (13,8,1) (27,9,7) (25,10,3) (9,11,5) (16,11,3) (37,12,1) (49,12,6) (46,13,6) (41,14,7) (1,15,4) (31,15,5) (12,16,1) (50,17,5) (17,19,5) (3,20,4) (33,20,5) (38,20,6) (22,21,2) (24,21,4) (21,22,6) (5,24,3) (36,24,6) (35,25,6) (48,25,1) (43,27,6) (42,28,5) (8,29,5) (18,30,4) (19,33,1) (6,35,6) (14,35,3) (10,36,7) (20,36,7) (40,36,5) (2,37,4) (44,37,5) (11,38,6) (34,39,2) (45,40,1) 
Queue 1: closed
Queue 2: closed
Queue 3: closed
Queue 4: closed
Queue 5: closed
Time 2
Waiting clients: (23,3,3) (47,3,4) (15,4,5) (29,4,1) (30,4,2) (26,6,6) (28,6,5) (32,6,1) (39,6,1) (4,7,5) (7,7,1) (13,8,1) (27,9,7) (25,10,3) (9,11,5) (16,11,3) (37,12,1) (49,12,6) (46,13,6) (41,14,7) (1,15,4) (31,15,5) (12,16,1) (50,17,5) (17,19,5) (3,20,4) (33,20,5) (38,20,6) (22,21,2) (24,21,4) (21,22,6) (5,24,3) (36,24,6) (35,25,6) (48,25,1) (43,27,6) (42,28,5) (8,29,5) (18,30,4) (19,33,1) (6,35,6) (14,35,3) (10,36,7) (20,36,7) (40,36,5) (2,37,4) (44,37,5) (11,38,6) (34,39,2) (45,40,1) 
Queue 1: closed
Queue 2: closed
Queue 3: closed
Queue 4: closed
Queue 5: closed
Time 3
Waiting clients: (15,4,5) (29,4,1) (30,4,2) (26,6,6) (28,6,5) (32,6,1) (39,6,1) (4,7,5) (7,7,1) (13,8,1) (27,9,7) (25,10,3) (9,11,5) (16,11,3) (37,12,1) (49,12,6) (46,13,6) (41,14,7) (1,15,4) (31,15,5) (12,16,1) (50,17,5) (17,19,5) (3,20,4) (33,20,5) (38,20,6) (22,21,2) (24,21,4) (21,22,6) (5,24,3) (36,24,6) (35,25,6) (48,25,1) (43,27,6) (42,28,5) (8,29,5) (18,30,4) (19,33,1) (6,35,6) (14,35,3) (10,36,7) (20,36,7) (40,36,5) (2,37,4) (44,37,5) (11,38,6) (34,39,2) (45,40,1) 
Queue 1: (23,3,3); 
Queue 2: (47,3,4); 
Queue 3: closed
Queue 4: closed
Queue 5: closed
Time 4
Waiting clients: (26,6,6) (28,6,5) (32,6,1) (39,6,1) (4,7,5) (7,7,1) (13,8,1) (27,9,7) (25,10,3) (9,11,5) (16,11,3) (37,12,1) (49,12,6) (46,13,6) (41,14,7) (1,15,4) (31,15,5) (12,16,1) (50,17,5) (17,19,5) (3,20,4) (33,20,5) (38,20,6) (22,21,2) (24,21,4) (21,22,6) (5,24,3) (36,24,6) (35,25,6) (48,25,1) (43,27,6) (42,28,5) (8,29,5) (18,30,4) (19,33,1) (6,35,6) (14,35,3) (10,36,7) (20,36,7) (40,36,5) (2,37,4) (44,37,5) (11,38,6) (34,39,2) (45,40,1) 
Queue 1: (23,3,2); 
Queue 2: (47,3,3); 
Queue 3: (15,4,5); 
Queue 4: (29,4,1); 
Queue 5: (30,4,2); 
Time 5
Waiting clients: (26,6,6) (28,6,5) (32,6,1) (39,6,1) (4,7,5) (7,7,1) (13,8,1) (27,9,7) (25,10,3) (9,11,5) (16,11,3) (37,12,1) (49,12,6) (46,13,6) (41,14,7) (1,15,4) (31,15,5) (12,16,1) (50,17,5) (17,19,5) (3,20,4) (33,20,5) (38,20,6) (22,21,2) (24,21,4) (21,22,6) (5,24,3) (36,24,6) (35,25,6) (48,25,1) (43,27,6) (42,28,5) (8,29,5) (18,30,4) (19,33,1) (6,35,6) (14,35,3) (10,36,7) (20,36,7) (40,36,5) (2,37,4) (44,37,5) (11,38,6) (34,39,2) (45,40,1) 
Queue 1: (23,3,1); 
Queue 2: (47,3,2); 
Queue 3: (15,4,4); 
Queue 4: closed
Queue 5: (30,4,1); 
Time 6
Waiting clients: (4,7,5) (7,7,1) (13,8,1) (27,9,7) (25,10,3) (9,11,5) (16,11,3) (37,12,1) (49,12,6) (46,13,6) (41,14,7) (1,15,4) (31,15,5) (12,16,1) (50,17,5) (17,19,5) (3,20,4) (33,20,5) (38,20,6) (22,21,2) (24,21,4) (21,22,6) (5,24,3) (36,24,6) (35,25,6) (48,25,1) (43,27,6) (42,28,5) (8,29,5) (18,30,4) (19,33,1) (6,35,6) (14,35,3) (10,36,7) (20,36,7) (40,36,5) (2,37,4) (44,37,5) (11,38,6) (34,39,2) (45,40,1) 
Queue 1: (26,6,6); (39,6,1); 
Queue 2: (47,3,1); 
Queue 3: (15,4,3); 
Queue 4: (28,6,5); 
Queue 5: (32,6,1); 
Time 7
Waiting clients: (13,8,1) (27,9,7) (25,10,3) (9,11,5) (16,11,3) (37,12,1) (49,12,6) (46,13,6) (41,14,7) (1,15,4) (31,15,5) (12,16,1) (50,17,5) (17,19,5) (3,20,4) (33,20,5) (38,20,6) (22,21,2) (24,21,4) (21,22,6) (5,24,3) (36,24,6) (35,25,6) (48,25,1) (43,27,6) (42,28,5) (8,29,5) (18,30,4) (19,33,1) (6,35,6) (14,35,3) (10,36,7) (20,36,7) (40,36,5) (2,37,4) (44,37,5) (11,38,6) (34,39,2) (45,40,1) 
Queue 1: (26,6,5); (39,6,1); 
Queue 2: (4,7,5); 
Queue 3: (15,4,2); 
Queue 4: (28,6,4); 
Queue 5: (7,7,1); 
Time 8
Waiting clients: (27,9,7) (25,10,3) (9,11,5) (16,11,3) (37,12,1) (49,12,6) (46,13,6) (41,14,7) (1,15,4) (31,15,5) (12,16,1) (50,17,5) (17,19,5) (3,20,4) (33,20,5) (38,20,6) (22,21,2) (24,21,4) (21,22,6) (5,24,3) (36,24,6) (35,25,6) (48,25,1) (43,27,6) (42,28,5) (8,29,5) (18,30,4) (19,33,1) (6,35,6) (14,35,3) (10,36,7) (20,36,7) (40,36,5) (2,37,4) (44,37,5) (11,38,6) (34,39,2) (45,40,1) 
Queue 1: (26,6,4); (39,6,1); 
Queue 2: (4,7,4); 
Queue 3: (15,4,1); 
Queue 4: (28,6,3); 
Queue 5: (13,8,1); 
Time 9
Waiting clients: (25,10,3) (9,11,5) (16,11,3) (37,12,1) (49,12,6) (46,13,6) (41,14,7) (1,15,4) (31,15,5) (12,16,1) (50,17,5) (17,19,5) (3,20,4) (33,20,5) (38,20,6) (22,21,2) (24,21,4) (21,22,6) (5,24,3) (36,24,6) (35,25,6) (48,25,1) (43,27,6) (42,28,5) (8,29,5) (18,30,4) (19,33,1) (6,35,6) (14,35,3) (10,36,7) (20,36,7) (40,36,5) (2,37,4) (44,37,5) (11,38,6) (34,39,2) (45,40,1) 
Queue 1: (26,6,3); (39,6,1); 
Queue 2: (4,7,3); 
Queue 3: (27,9,7); 
Queue 4: (28,6,2); 
Queue 5: closed
Time 10
Waiting clients: (9,11,5) (16,11,3) (37,12,1) (49,12,6) (46,13,6) (41,14,7) (1,15,4) (31,15,5) (12,16,1) (50,17,5) (17,19,5) (3,20,4) (33,20,5) (38,20,6) (22,21,2) (24,21,4) (21,22,6) (5,24,3) (36,24,6) (35,25,6) (48,25,1) (43,27,6) (42,28,5) (8,29,5) (18,30,4) (19,33,1) (6,35,6) (14,35,3) (10,36,7) (20,36,7) (40,36,5) (2,37,4) (44,37,5) (11,38,6) (34,39,2) (45,40,1) 
Queue 1: (26,6,2); (39,6,1); 
Queue 2: (4,7,2); 
Queue 3: (27,9,6); 
Queue 4: (28,6,1); 
Queue 5: (25,10,3); 
Time 11
Waiting clients: (37,12,1) (49,12,6) (46,13,6) (41,14,7) (1,15,4) (31,15,5) (12,16,1) (50,17,5) (17,19,5) (3,20,4) (33,20,5) (38,20,6) (22,21,2) (24,21,4) (21,22,6) (5,24,3) (36,24,6) (35,25,6) (48,25,1) (43,27,6) (42,28,5) (8,29,5) (18,30,4) (19,33,1) (6,35,6) (14,35,3) (10,36,7) (20,36,7) (40,36,5) (2,37,4) (44,37,5) (11,38,6) (34,39,2) (45,40,1) 
Queue 1: (26,6,1); (39,6,1); 
Queue 2: (4,7,1); (16,11,3); 
Queue 3: (27,9,5); 
Queue 4: (9,11,5); 
Queue 5: (25,10,2); 
Time 12
Waiting clients: (46,13,6) (41,14,7) (1,15,4) (31,15,5) (12,16,1) (50,17,5) (17,19,5) (3,20,4) (33,20,5) (38,20,6) (22,21,2) (24,21,4) (21,22,6) (5,24,3) (36,24,6) (35,25,6) (48,25,1) (43,27,6) (42,28,5) (8,29,5) (18,30,4) (19,33,1) (6,35,6) (14,35,3) (10,36,7) (20,36,7) (40,36,5) (2,37,4) (44,37,5) (11,38,6) (34,39,2) (45,40,1) 
Queue 1: (39,6,1); (37,12,1); 
Queue 2: (16,11,3); (49,12,6); 
Queue 3: (27,9,4); 
Queue 4: (9,11,4); 
Queue 5: (25,10,1); 
Time 13
Waiting clients: (41,14,7) (1,15,4) (31,15,5) (12,16,1) (50,17,5) (17,19,5) (3,20,4) (33,20,5) (38,20,6) (22,21,2) (24,21,4) (21,22,6) (5,24,3) (36,24,6) (35,25,6) (48,25,1) (43,27,6) (42,28,5) (8,29,5) (18,30,4) (19,33,1) (6,35,6) (14,35,3) (10,36,7) (20,36,7) (40,36,5) (2,37,4) (44,37,5) (11,38,6) (34,39,2) (45,40,1) 
Queue 1: (37,12,1); 
Queue 2: (16,11,2); (49,12,6); 
Queue 3: (27,9,3); 
Queue 4: (9,11,3); 
Queue 5: (46,13,6); 
Time 14
Waiting clients: (1,15,4) (31,15,5) (12,16,1) (50,17,5) (17,19,5) (3,20,4) (33,20,5) (38,20,6) (22,21,2) (24,21,4) (21,22,6) (5,24,3) (36,24,6) (35,25,6) (48,25,1) (43,27,6) (42,28,5) (8,29,5) (18,30,4) (19,33,1) (6,35,6) (14,35,3) (10,36,7) (20,36,7) (40,36,5) (2,37,4) (44,37,5) (11,38,6) (34,39,2) (45,40,1) 
Queue 1: (41,14,7); 
Queue 2: (16,11,1); (49,12,6); 
Queue 3: (27,9,2); 
Queue 4: (9,11,2); 
Queue 5: (46,13,5); 
Time 15
Waiting clients: (12,16,1) (50,17,5) (17,19,5) (3,20,4) (33,20,5) (38,20,6) (22,21,2) (24,21,4) (21,22,6) (5,24,3) (36,24,6) (35,25,6) (48,25,1) (43,27,6) (42,28,5) (8,29,5) (18,30,4) (19,33,1) (6,35,6) (14,35,3) (10,36,7) (20,36,7) (40,36,5) (2,37,4) (44,37,5) (11,38,6) (34,39,2) (45,40,1) 
Queue 1: (41,14,6); (1,15,4); 
Queue 2: (49,12,6); (31,15,5); 
Queue 3: (27,9,1); 
Queue 4: (9,11,1); 
Queue 5: (46,13,4); 
Time 16
Waiting clients: (50,17,5) (17,19,5) (3,20,4) (33,20,5) (38,20,6) (22,21,2) (24,21,4) (21,22,6) (5,24,3) (36,24,6) (35,25,6) (48,25,1) (43,27,6) (42,28,5) (8,29,5) (18,30,4) (19,33,1) (6,35,6) (14,35,3) (10,36,7) (20,36,7) (40,36,5) (2,37,4) (44,37,5) (11,38,6) (34,39,2) (45,40,1) 
Queue 1: (41,14,5); (1,15,4); 
Queue 2: (49,12,5); (31,15,5); 
Queue 3: (12,16,1); 
Queue 4: closed
Queue 5: (46,13,3); 
Time 17
Waiting clients: (17,19,5) (3,20,4) (33,20,5) (38,20,6) (22,21,2) (24,21,4) (21,22,6) (5,24,3) (36,24,6) (35,25,6) (48,25,1) (43,27,6) (42,28,5) (8,29,5) (18,30,4) (19,33,1) (6,35,6) (14,35,3) (10,36,7) (20,36,7) (40,36,5) (2,37,4) (44,37,5) (11,38,6) (34,39,2) (45,40,1) 
Queue 1: (41,14,4); (1,15,4); 
Queue 2: (49,12,4); (31,15,5); 
Queue 3: (50,17,5); 
Queue 4: closed
Queue 5: (46,13,2); 
Time 18
Waiting clients: (17,19,5) (3,20,4) (33,20,5) (38,20,6) (22,21,2) (24,21,4) (21,22,6) (5,24,3) (36,24,6) (35,25,6) (48,25,1) (43,27,6) (42,28,5) (8,29,5) (18,30,4) (19,33,1) (6,35,6) (14,35,3) (10,36,7) (20,36,7) (40,36,5) (2,37,4) (44,37,5) (11,38,6) (34,39,2) (45,40,1) 
Queue 1: (41,14,3); (1,15,4); 
Queue 2: (49,12,3); (31,15,5); 
Queue 3: (50,17,4); 
Queue 4: closed
Queue 5: (46,13,1); 
Time 19
Waiting clients: (3,20,4) (33,20,5) (38,20,6) (22,21,2) (24,21,4) (21,22,6) (5,24,3) (36,24,6) (35,25,6) (48,25,1) (43,27,6) (42,28,5) (8,29,5) (18,30,4) (19,33,1) (6,35,6) (14,35,3) (10,36,7) (20,36,7) (40,36,5) (2,37,4) (44,37,5) (11,38,6) (34,39,2) (45,40,1) 
Queue 1: (41,14,2); (1,15,4); 
Queue 2: (49,12,2); (31,15,5); 
Queue 3: (50,17,3); 
Queue 4: (17,19,5); 
Queue 5: closed
Time 20
Waiting clients: (22,21,2) (24,21,4) (21,22,6) (5,24,3) (36,24,6) (35,25,6) (48,25,1) (43,27,6) (42,28,5) (8,29,5) (18,30,4) (19,33,1) (6,35,6) (14,35,3) (10,36,7) (20,36,7) (40,36,5) (2,37,4) (44,37,5) (11,38,6) (34,39,2) (45,40,1) 
Queue 1: (41,14,1); (1,15,4); 
Queue 2: (49,12,1); (31,15,5); 
Queue 3: (50,17,2); (33,20,5); 
Queue 4: (17,19,4); (38,20,6); 
Queue 5: (3,20,4); 
Time 21
Waiting clients: (21,22,6) (5,24,3) (36,24,6) (35,25,6) (48,25,1) (43,27,6) (42,28,5) (8,29,5) (18,30,4) (19,33,1) (6,35,6) (14,35,3) (10,36,7) (20,36,7) (40,36,5) (2,37,4) (44,37,5) (11,38,6) (34,39,2) (45,40,1) 
Queue 1: (1,15,4); (22,21,2); 
Queue 2: (31,15,5); (24,21,4); 
Queue 3: (50,17,1); (33,20,5); 
Queue 4: (17,19,3); (38,20,6); 
Queue 5: (3,20,3); 
Time 22
Waiting clients: (5,24,3) (36,24,6) (35,25,6) (48,25,1) (43,27,6) (42,28,5) (8,29,5) (18,30,4) (19,33,1) (6,35,6) (14,35,3) (10,36,7) (20,36,7) (40,36,5) (2,37,4) (44,37,5) (11,38,6) (34,39,2) (45,40,1) 
Queue 1: (1,15,3); (22,21,2); 
Queue 2: (31,15,4); (24,21,4); 
Queue 3: (33,20,5); (21,22,6); 
Queue 4: (17,19,2); (38,20,6); 
Queue 5: (3,20,2); 
Time 23
Waiting clients: (5,24,3) (36,24,6) (35,25,6) (48,25,1) (43,27,6) (42,28,5) (8,29,5) (18,30,4) (19,33,1) (6,35,6) (14,35,3) (10,36,7) (20,36,7) (40,36,5) (2,37,4) (44,37,5) (11,38,6) (34,39,2) (45,40,1) 
Queue 1: (1,15,2); (22,21,2); 
Queue 2: (31,15,3); (24,21,4); 
Queue 3: (33,20,4); (21,22,6); 
Queue 4: (17,19,1); (38,20,6); 
Queue 5: (3,20,1); 
Time 24
Waiting clients: (35,25,6) (48,25,1) (43,27,6) (42,28,5) (8,29,5) (18,30,4) (19,33,1) (6,35,6) (14,35,3) (10,36,7) (20,36,7) (40,36,5) (2,37,4) (44,37,5) (11,38,6) (34,39,2) (45,40,1) 
Queue 1: (1,15,1); (22,21,2); 
Queue 2: (31,15,2); (24,21,4); 
Queue 3: (33,20,3); (21,22,6); 
Queue 4: (38,20,6); (36,24,6); 
Queue 5: (5,24,3); 
Time 25
Waiting clients: (43,27,6) (42,28,5) (8,29,5) (18,30,4) (19,33,1) (6,35,6) (14,35,3) (10,36,7) (20,36,7) (40,36,5) (2,37,4) (44,37,5) (11,38,6) (34,39,2) (45,40,1) 
Queue 1: (1,15,1); (22,21,2); (48,25,1); 
Queue 2: (31,15,2); (24,21,4); 
Queue 3: (33,20,3); (21,22,6); 
Queue 4: (38,20,6); (36,24,6); 
Queue 5: (5,24,3); (35,25,6); 
Time 26
Waiting clients: (43,27,6) (42,28,5) (8,29,5) (18,30,4) (19,33,1) (6,35,6) (14,35,3) (10,36,7) (20,36,7) (40,36,5) (2,37,4) (44,37,5) (11,38,6) (34,39,2) (45,40,1) 
Queue 1: (22,21,1); (48,25,1); 
Queue 2: (24,21,4); 
Queue 3: (33,20,1); (21,22,6); 
Queue 4: (38,20,4); (36,24,6); 
Queue 5: (5,24,1); (35,25,6); 
Time 27
Waiting clients: (42,28,5) (8,29,5) (18,30,4) (19,33,1) (6,35,6) (14,35,3) (10,36,7) (20,36,7) (40,36,5) (2,37,4) (44,37,5) (11,38,6) (34,39,2) (45,40,1) 
Queue 1: (48,25,1); (43,27,6); 
Queue 2: (24,21,3); 
Queue 3: (21,22,6); 
Queue 4: (38,20,3); (36,24,6); 
Queue 5: (35,25,6); 
Time 28
Waiting clients: (8,29,5) (18,30,4) (19,33,1) (6,35,6) (14,35,3) (10,36,7) (20,36,7) (40,36,5) (2,37,4) (44,37,5) (11,38,6) (34,39,2) (45,40,1) 
Queue 1: (43,27,6); (42,28,5); 
Queue 2: (24,21,2); 
Queue 3: (21,22,5); 
Queue 4: (38,20,2); (36,24,6); 
Queue 5: (35,25,5); 
Time 29
Waiting clients: (18,30,4) (19,33,1) (6,35,6) (14,35,3) (10,36,7) (20,36,7) (40,36,5) (2,37,4) (44,37,5) (11,38,6) (34,39,2) (45,40,1) 
Queue 1: (43,27,5); (42,28,5); 
Queue 2: (24,21,1); (8,29,5); 
Queue 3: (21,22,4); 
Queue 4: (38,20,1); (36,24,6); 
Queue 5: (35,25,4); 
Time 30
Waiting clients: (19,33,1) (6,35,6) (14,35,3) (10,36,7) (20,36,7) (40,36,5) (2,37,4) (44,37,5) (11,38,6) (34,39,2) (45,40,1) 
Queue 1: (43,27,4); (42,28,5); 
Queue 2: (8,29,5); 
Queue 3: (21,22,3); (18,30,4); 
Queue 4: (36,24,6); 
Queue 5: (35,25,3); 
Time 31
Waiting clients: (19,33,1) (6,35,6) (14,35,3) (10,36,7) (20,36,7) (40,36,5) (2,37,4) (44,37,5) (11,38,6) (34,39,2) (45,40,1) 
Queue 1: (43,27,3); (42,28,5); 
Queue 2: (8,29,4); 
Queue 3: (21,22,2); (18,30,4); 
Queue 4: (36,24,5); 
Queue 5: (35,25,2); 
Time 32
Waiting clients: (19,33,1) (6,35,6) (14,35,3) (10,36,7) (20,36,7) (40,36,5) (2,37,4) (44,37,5) (11,38,6) (34,39,2) (45,40,1) 
Queue 1: (43,27,2); (42,28,5); 
Queue 2: (8,29,3); 
Queue 3: (21,22,1); (18,30,4); 
Queue 4: (36,24,4); 
Queue 5: (35,25,1); 
Time 33
Waiting clients: (6,35,6) (14,35,3) (10,36,7) (20,36,7) (40,36,5) (2,37,4) (44,37,5) (11,38,6) (34,39,2) (45,40,1) 
Queue 1: (43,27,1); (42,28,5); 
Queue 2: (8,29,2); 
Queue 3: (18,30,4); 
Queue 4: (36,24,3); 
Queue 5: (19,33,1); 
Time 34
Waiting clients: (6,35,6) (14,35,3) (10,36,7) (20,36,7) (40,36,5) (2,37,4) (44,37,5) (11,38,6) (34,39,2) (45,40,1) 
Queue 1: (42,28,5); 
Queue 2: (8,29,1); 
Queue 3: (18,30,3); 
Queue 4: (36,24,2); 
Queue 5: closed
Time 35
Waiting clients: (10,36,7) (20,36,7) (40,36,5) (2,37,4) (44,37,5) (11,38,6) (34,39,2) (45,40,1) 
Queue 1: (42,28,4); 
Queue 2: (6,35,6); 
Queue 3: (18,30,2); 
Queue 4: (36,24,1); 
Queue 5: (14,35,3); 
Time 36
Waiting clients: (2,37,4) (44,37,5) (11,38,6) (34,39,2) (45,40,1) 
Queue 1: (42,28,3); (20,36,7); 
Queue 2: (6,35,5); (40,36,5); 
Queue 3: (18,30,1); 
Queue 4: (10,36,7); 
Queue 5: (14,35,2); 
Time 37
Waiting clients: (11,38,6) (34,39,2) (45,40,1) 
Queue 1: (42,28,2); (20,36,7); 
Queue 2: (6,35,4); (40,36,5); 
Queue 3: (2,37,4); (44,37,5); 
Queue 4: (10,36,6); 
Queue 5: (14,35,1); 
Time 38
Waiting clients: (34,39,2) (45,40,1) 
Queue 1: (42,28,1); (20,36,7); 
Queue 2: (6,35,3); (40,36,5); 
Queue 3: (2,37,3); (44,37,5); 
Queue 4: (10,36,5); 
Queue 5: (11,38,6); 
Time 39
Waiting clients: (45,40,1) 
Queue 1: (20,36,7); (34,39,2); 
Queue 2: (6,35,2); (40,36,5); 
Queue 3: (2,37,2); (44,37,5); 
Queue 4: (10,36,4); 
Queue 5: (11,38,5); 
Time 40
Waiting clients: 
Queue 1: (20,36,6); (34,39,2); 
Queue 2: (6,35,1); (40,36,5); 
Queue 3: (2,37,1); (44,37,5); 
Queue 4: (10,36,3); (45,40,1); 
Queue 5: (11,38,4); 
Time 41
Waiting clients: 
Queue 1: (20,36,5); (34,39,2); 
Queue 2: (40,36,5); 
Queue 3: (44,37,5); 
Queue 4: (10,36,2); (45,40,1); 
Queue 5: (11,38,3); 
Time 42
Waiting clients: 
Queue 1: (20,36,4); (34,39,2); 
Queue 2: (40,36,4); 
Queue 3: (44,37,4); 
Queue 4: (10,36,1); (45,40,1); 
Queue 5: (11,38,2); 
Time 43
Waiting clients: 
Queue 1: (20,36,3); (34,39,2); 
Queue 2: (40,36,3); 
Queue 3: (44,37,3); 
Queue 4: (45,40,1); 
Queue 5: (11,38,1); 
Time 44
Waiting clients: 
Queue 1: (20,36,2); (34,39,2); 
Queue 2: (40,36,2); 
Queue 3: (44,37,2); 
Queue 4: closed
Queue 5: closed
Time 45
Waiting clients: 
Queue 1: (20,36,1); (34,39,2); 
Queue 2: (40,36,1); 
Queue 3: (44,37,1); 
Queue 4: closed
Queue 5: closed
Time 46
Waiting clients: 
Queue 1: (34,39,2); 
Queue 2: closed
Queue 3: closed
Queue 4: closed
Queue 5: closed
Time 47
Waiting clients: 
Queue 1: (34,39,1); 
Queue 2: closed
Queue 3: closed
Queue 4: closed
Queue 5: closed
Time 48
Waiting clients: 
Queue 1: closed
Queue 2: closed
Queue 3: closed
Queue 4: closed
Queue 5: closed
Time 49
Waiting clients: 
Queue 1: closed
Queue 2: closed
Queue 3: closed
Queue 4: closed
Queue 5: closed
Time 50
Waiting clients: 
Queue 1: closed
Queue 2: closed
Queue 3: closed
Queue 4: closed
Queue 5: closed
Time 51
Waiting clients: 
Queue 1: closed
Queue 2: closed
Queue 3: closed
Queue 4: closed
Queue 5: closed
Time 52
Waiting clients: 
Queue 1: closed
Queue 2: closed
Queue 3: closed
Queue 4: closed
Queue 5: closed
Time 53
Waiting clients: 
Queue 1: closed
Queue 2: closed
Queue 3: closed
Queue 4: closed
Queue 5: closed
Time 54
Waiting clients: 
Queue 1: closed
Queue 2: closed
Queue 3: closed
Queue 4: closed
Queue 5: closed
Time 55
Waiting clients: 
Queue 1: closed
Queue 2: closed
Queue 3: closed
Queue 4: closed
Queue 5: closed
Time 56
Waiting clients: 
Queue 1: closed
Queue 2: closed
Queue 3: closed
Queue 4: closed
Queue 5: closed
Time 57
Waiting clients: 
Queue 1: closed
Queue 2: closed
Queue 3: closed
Queue 4: closed
Queue 5: closed
Time 58
Waiting clients: 
Queue 1: closed
Queue 2: closed
Queue 3: closed
Queue 4: closed
Queue 5: closed
Time 59
Waiting clients: 
Queue 1: closed
Queue 2: closed
Queue 3: closed
Queue 4: closed
Queue 5: closed
Time 60
Waiting clients: 
Queue 1: closed
Queue 2: closed
Queue 3: closed
Queue 4: closed
Queue 5: closed
Average Waiting Time: 3,28
Average Service Time: 4,06
Peak Hour: 25
